pposition rrate gposition
14351480 0.78578 137.896435712453
14351481 0.78581 137.896439658495
14351482 0.78584 137.896443604537
14351484 0.7859 137.896451496621
14351513 0.78677 137.89656593184
14351514 0.7868 137.896569877882
14351537 0.78749 137.896660636848
14351547 0.78779 137.896700097269
14351552 0.78794 137.896719827479
14351558 0.78812 137.896743503731
14351572 0.78854 137.89679874832
14351598 0.78932 137.896901345412
14351652 0.79094 137.897114431682
14351662 0.79124 137.897153892103
14351670 0.79148 137.897185460439
14351686 0.79196 137.897248597111
14351692 0.79214 137.897272273364
14351694 0.7922 137.897280165448
14351696 0.79226 137.897288057532
14351698 0.79232 137.897295949616
14351706 0.79256 137.897327517952
14351707 0.79259 137.897331463994
14351733 0.79337 137.897434061087
14351735 0.79343 137.897441953171
14351757 0.79409 137.897528766096
14351765 0.79433 137.897560334432
14351774 0.7946 137.89759584881
14351787 0.79499 137.897647147357
14351788 0.79502 137.897651093399
14351814 0.7958 137.897753690492
14351827 0.79619 137.897804989038
14351828 0.79622 137.89780893508
14351829 0.79625 137.897812881122
14351839 0.79655 137.897852341542
14351850 0.79688 137.897895748005
14351861 0.79721 137.897939154467
14351864 0.7973 137.897950992593
14351871 0.79751 137.897978614888
14351872 0.79754 137.89798256093
14351873 0.79757 137.897986506972
14351887 0.79799 137.89804175156
14351889 0.79805 137.898049643644
14351904 0.7985 137.898108834275
14351905 0.79853 137.898112780317
14351908 0.79862 137.898124618443
14351910 0.79868 137.898132510527
14351912 0.79874 137.898140402611
14351913 0.79877 137.898144348653
14351927 0.79919 137.898199593241
14351960 0.80018 137.898329812628
14351978 0.80072 137.898400841385
14351990 0.80108 137.898448193889
14351996 0.80126 137.898471870142
14351997 0.80129 137.898475816184
14352023 0.80207 137.898578413277
14352025 0.80213 137.898586305361
14352032 0.80234 137.898613927655
14352034 0.8024 137.898621819739
14352040 0.80258 137.898645495991
14352073 0.80357 137.898775715378
14352078 0.80372 137.898795445588
14352082 0.80384 137.898811229757
14352093 0.80417 137.898854636219
14352095 0.80423 137.898862528303
14352098 0.80432 137.898874366429
14352099 0.80435 137.898878312471
14352108 0.80462 137.898913826849
14352120 0.80498 137.898961179354
14352142 0.80564 137.899047992278
14352166 0.80636 137.899142697287
14352169 0.80645 137.899154535413
14352180 0.80678 137.899197941876
14352202 0.80744 137.8992847548
14352229 0.80825 137.899391297935
14352239 0.80855 137.899430758356
14352333 0.81137 137.899801686307
14352381 0.81281 137.899991096324
14352385 0.81293 137.900006880493
14352393 0.81317 137.900038448829
14352396 0.81326 137.900050286955
14352397 0.81329 137.900054232997
14352457 0.81509 137.900290995519
14352458 0.81512 137.900294941561
14352494 0.8162 137.900436999074
14352503 0.81647 137.900472513452
14352516 0.81686 137.900523811999
14352540 0.81758 137.900618517008
14352569 0.81845 137.900732952227
14352587 0.81899 137.900803980983
14352596 0.81926 137.900839495362
14352615 0.81983 137.90091447016
14352624 0.8201 137.900949984538
14352638 0.82052 137.901005229127
14352641 0.82061 137.901017067253
14352643 0.82067 137.901024959337
14352645 0.82073 137.901032851421
14352648 0.82082 137.901044689547
14352655 0.82103 137.901072311842
14352656 0.82106 137.901076257884
14352661 0.82121 137.901095988094
14352667 0.82139 137.901119664346
14352700 0.82238 137.901249883733
14352728 0.82322 137.90136037291
14352733 0.82337 137.90138010312
14352750 0.82388 137.901447185835
14352765 0.82433 137.901506376465
14352771 0.82451 137.901530052717
14352793 0.82517 137.901616865642
14352800 0.82538 137.901644487936
14352823 0.82607 137.901735246903
14352824 0.8261 137.901739192945
14352838 0.82652 137.901794437534
14352842 0.82664 137.901810221702
14352846 0.82676 137.90182600587
14352858 0.82712 137.901873358374
14352860 0.82718 137.901881250458
14352863 0.82727 137.901893088584
14352876 0.82766 137.901944387131
14352917 0.82889 137.902106174854
14352938 0.82952 137.902189041737
14352946 0.82976 137.902220610073
14352959 0.83015 137.90227190862
14352962 0.83024 137.902283746746
14352977 0.83069 137.902342937376
